13437934322
13418550404
13452735991
13487099865
13421822777
13467167761
13460076549
13417902266
13467297797
13420822520
13799377415
13460046856
13417602459
13481349091
13460351397
13445465464
13417742797
13470057923
13596397470
13490709726
13459386669
13456116310
13493931324
13452955977
13247535153
13437074612
13426133566
13467571760
13435224100
13827493227
13437984859
13460587050
13438534757
13427613898
13222890491
13413802500
13431293697
13462427242
13487259681
13467457166
13467182037
13469897684
13435424003
13466811383
13436944177
13439064915
13413412399
13424003086
18295803216
13425553016
13452325565
13432223633
13471258007
13452885663
13492619647
13467557372
13729420282
13464557297
13478368757
13478838945
15001622690
15149954682
13460266672
13463827221
13455436382
13874868613
13425613453
13456156667
13465781809
13463587273
13431204247
13462901623
13487319374
13457086280
13480168538
13572828423
13436654635
13457936766
13451665989
13935256127
13428773560
13427473743
13436514350
13421223105
13455896654
13427533700
13450156132
13487889624
13433194305
13435954003
13471697812
13466887311
13417272203
13469987426
13471867894
13481349290
15210392693
13429944091
13424733172
13416152520
13453626403
13423743321
13426833317
13438084180
13427273275
15579006212
18408497774
13464087495
13485869102
13414652438
13431684164
13428433747
13452126054
13437144615
13428573386
13422043236
13437284414
13429753882
13429413627
13467807766
13413162351
13487719496
13495529895
13486819671
13434213829
15870804381
13875197593
13926155725
13426653795
13455236177
13463637059
13426363495
13426903650
13456176534
13463937503
18807083136
13477848453
13494181104
13468407209
13488869428
13453045937
13432313975
13422553006
13432493723
13452115584
13660444913
13483348794
13479178563
13457416571
13730653809
18759690186
18007921768
13992609437
15662118970
13488819985
13488999272
13416372639
15998620397
13482168794
13467717763
13426363580
13478388237
13473978507
13471817932
13436764777
13458346216
13478868683
13458666512
13463107202
13482468880
13461206972
13470088020
13428923699
13432333628
13537082231
13421842863
13417502821
13451966261
13528361533
13478038864
13437314374
13427033281
13451096069
13466837274
15822898524
13422912977
13410161620
15006184618
13444295543
13435734334
13462776777
13472187809
13461977167
13481518504
13410401369
13422633236
13420492956
13438324517
13461037053
13466901765
13187194537
13461036580
13427653190
13473807896
13417472648
13440004454
13481999111
13480798722
13993143533
13457846512
13416362397
15817417082
13530204003
13483629175
13451785600
13977432881
15019564573
13462026637
15757951718
13494511304
13459616713
13416262194
13452146066
13457796255
13455666540
13473098142
13439714536
13621854673
13459981229
13892828860
13545185120
13477698481
13489189861
13484939289
13429453366
13680739988
13433663695
13490879459
15232235072
13476477999
13451835892
13450996095
13474618561
13435734085
13512633335
13422872780
13475198525
13483749374
13414192249
13438704660
13428543278
13416672235
18607323934
13539153312
13424063013
13416222001
13419323036
13482298761
13430073428
13436754684
13467007748
13412622255
13422702789
13456886374
13834072458
13461346516
13486809091
13410871956
15935098847
13422283267
13426343267
13436434593
13476237978
13467797246
13458616815
15820273847
13437574851
13417932721
13920332308
13459366664
13480548488
13458966330
13450855699
13486019404
13428143382
18734405576
13432694082
15111075802
13451905807
13456766567
13463611364
13418692669
13413361865
13956941715
13467567543
13473497976
13483299123
13493879893
13481408662
13418352413
13433443909
13427703241
13481189039
13430793709
13480128985
13460076367
13474238291
13411251869
13474077959
13420783051
13459966979
15879589890
15089966623
13460256776
13491139681
13468747821
13453495940
13424323085
13451105920
13418652776
13471988041
13424553098
13471058166
13048705973
13435373906
13457086397
13421473303
13426213732
18944927711
13438324759
13537077818
13421173126
13414282402
13469548065
13560405885
13485089265
13430023910
13455475998
13472497889
13450286184
13544179675
13112126135
13464907539
13458686773
13466852070
13459587085
13789387666
13489339518
13143677662
13462767194
13478898755
13463347125
13596049203
13415472703
13417092470
13462856915
13463886790
13464226791
13424302962
13434984575
13487299620
13426753096
13474218315
15875295268
13466597449
13482338955
13490669844
13436243954
13426553703
13488429838
13485359375
13493281141
13457556747
13423272787
15270985606
13416352053
13417922131
18759183641
13467541352
13457466713
13436924440
13459716343
13426313738
13416462772
13472238023
13437794321
13786611838
13486899577
13456726263
13799912509
13438214611
13411512150
13431673536
13468807501
13936519116
13436524178
15816495196
13476978827
13489079476
13413142101
13410941832
18934341535
13450146125
13467527252
13472807704
13487469115
13456516434
13419212620
13452175615
13416012195
15766225768
13419172328
13895888527
13428703412
13464331331
13436754283
13452946372
13417492696
13479948807
13489249414
13494759975
13473247683
13428713396
13471477552
13421863002
15034205354
13433627568
13478158932
13824143862
13434323866
13467777408
13432084012
13436534610
13433504290
13433324259
13495211141
13475978335
13417252476
13471687560
13459301253
13411321602
13456546660
13484778875
13464251078
13432824425
13468817528
13436164716
13417532749
13434624105
13488129616
13660385885
13473968526
13412751919
13466771856
13421093232
13768428947
13481008508
13430563752
13410521526
13474987965
13489951135
13475898304
13465516979
13476598668
13474888520
13411781550
13437524555
13417462831
13428675598
13457886376
13470058076
13418492854
13415072471
13452366072
13467037598
13472947819
13429143965
13427033085
13455336516
13455096658
13424092883
13439675002
13473418079
13458966745
18250009796
13474548179
13430153985
13085455557
13462666608
13458226730
13426263478
13419952661
13463087425
13467661599
13469067827
13426793101
13483248889
13481258693
13421533172
13258625733
18106053528
13859390129
13435394584
13451805732
13430093587
13415771946
13453246281
13470697464
13452145815
13444205563
13463016830
13428965228
13425503249
13473158181
13471258101
13414722066
13478248166
13413221812
13473298338
13452476096
13427323332
13423552897
13428173513
13423593015
13457166872
13461361080
13489779830
13497591510
13418542801
13452126130
15164363285
13479718369
13920303206
13843116826
13488479741
15019915837
13466597577
13486569508
13456046355
13452056034
13433214357
13413151292
13466347199
13413922290
13332125407
15018369047
13426813785
13459766724
13486489706
13860774233
13439644712
13475607933
13418592836
13466841929
13439174259
13430063999
13432644325
13430354067
13479538430
13494661008
13453575735
13451845882
13458666647
13420662788
13421603290
13459511036
13413672493
13497781444
13416132351
15720971052
13487079351
13463921248
13412992436
13467667784
13420772770
15940398653
13456202211
13411211611
13433813831
13483459246
13459716370
13018511504
13465167659
18706777430
13473848540
13453596032
13456866013
13425493094
13411781837
13467267748
13928641730
13928853665
13427053088
13436584207
13487959350
13463617279
13419192288
13470047647
13490199535
13471168063