13437424741
13495489957
13432593994
13439124941
13410791621
13449785830
13417932550
18973889750
13534215771
13479868829
13484679215
13433633824
13495131466
15013932304
13419322487
13430793749
13622323615
13445085390
13495761197
15348378006
13489399481
13439634780
13479868619
15521597657
13464356906
13461587318
13445395428
13491889750
13433454048
13492579812
13448975737
13487059701
13410971728
13499441787
13451705542
13460286564
13461797335
13428223315
18534487771
13410331598
13426523753
13411492041
13464697102
13451675976
13430123854
13441144705
13446175518
13476798201
13466451958
13495201477
13496881152
13411802042
13463561000
13423553452
13446705551
13484719095
13488199975
13443965297
13424683108
13443905200
13431947533
13464186849
13497461886
13489639682
15193085524
13492801175
13456726368
15502091559
13460356966
13486079264
13499201249
13452036287
13497141370
13544671778
13493779903
13410121495
13494589879
13468457256
13461657214
13460216429
13445035659
13488359713
13475248432
13434044462
13417192819
13450225655
13440135124
13445205310
13449165612
13488569643
13463726741
13446605636
13444274953
13132892904
13437124411
13437334271
13437874287
13469317509
13484479345
13429863626
13449575368
13447515490
13493591110
13496771421
13479628540
13498711394
13459166765
13268625602
13991845444
13456956126
13421943151
13450366088
13412101993
13433255390
13467057456
13468847818
13466037703
13268235141
13493951169
13437404579
13418022909
13464367540
13422162980
13682753346
13491869937
13485989701
13441154905
13475828496
13438744371
13444245580
13426643150
13487729784
13432274289
13494101360
13475288593
13495441393
13421142685
13413922440
13460236408
13443894941
13490879770
13444235325
13468457527
13412492140
13249140352
13482359225
13423673243
13410841730
13474918082
13447825151
13494701276
13441574735
13441394838
13470688067
13492441230
13421693005
13993797425
13429964087
13410651473
13430923948
13692003186
13486009527
13487109327
13412842333
13452726124
13494481301
13453436466
13458696859
18649726269
13454586275
13432863985
13475438392
13494331129
13470557676
15841892340
15657354575
13444555059
13441375176
13421503211
18350062127
13450135350
13466447117
13495871087
13459436690
13411652044
13443205355
13425333441
13473938246
13466677519
13487029764
13446965265
13460886431
13414461972
13441694907
13445615223
13456916746
13439804715
13410511672
13440514537
13461246584
13468337921
13451925861
13444365024
13463357396
13492009778
13470317599
13468247977
13433967411
13481079012
13442405357
13451945684
13439064863
13450666209
13481628770
13495611328
13462861092
13447765145
13445275056
13427553270
13486539323
13478738872
13443405296
18174616680
13438654394
13249531457
13491991087
13491481154
13923540422
13492319844
13439005030
13492431095
13446915282
13418972556
13472857863
13489299497
13498181246
13453426443
13416211994
13420680656
13684891240
13104880401
13419953014
13463527097
13417372668
13471317934
13436864516
13560494227
13440345063
13444044786
13419722563
13430243961
13462637325
13493509931
13449766103
13753538604
13416992538
13458711217
13441875196
13491049721
13411531940
13442114939
13427073451
13476638453
13457566416
13425403285
13465847437
13112997452
13844154249
18301385818
13498581877
13480159157
13494181320
13463781344
13419902356
13462976996
13461586906
13446465119
13437534599
13494539887
13446555550
13417362317
13412391870
13494881001
13425183161
13425110755
13427293552
13482509066
13460017062
13487239572
13495641096
13499441982
13446675258
13419302364
13458496848
13442404978
13275650722
13414492540
13479398439
13458086964
13487839674
13474857968
13489159881
13417532595
13454346547
18212104491
13443835262
13496571496
13447485613
13409289734
13444015355
13413621836
13461576852
13439364988
13439824429
13454046351
13410701700
13410541971
13428923470
13469817624
13412341616
13447985429
13431873885
13466567231
13427443877
13432153924
13424022778
13451045999
13454946347
13487209144
13472598056
13412972271
13411962048
13440784937
13447935550
13487979744
13455976697
13493971040
13416792008
13418662865
13462407083
15933310967
13270587134
13417312632
13458406947
13268282103
13482238971
13449936107
13490359616
13428313422
13439785040
13465297245
13459466850
13441814942
13430763707
13495201385
13463477278
13441894937
13189269902
13230955513
13288267652
13412301965
13445865552
13417102079
13481079054
13448295512
13440854911
13424163520
13451505910
13483129033
13410951876
13470437843
13489701084
13496901046
13488619344
13751033756
13482898929
13444924847
13447005523
13474238429
13430074163
13411652121
13450005620
13493679883
13475228463
13444805175
13423753244
13492579769
13461016718
13441854812
13429133726
13423202924
13437134225
13494929822
13433643603
13465157367
13429044021
13474998152
13433483730
13425046896
13444785269
13482579253
13492499795
13483759397
13446625759
13441035259
13451515820
13450095711
13494251039
13493171326
15567578487
13463627515
13470677426
13448165518
13429993482
13427985683
13436173999
13421032615
13435334542
13476108727
13495709978
13495731200
13464281816
13433304035
13489909728
13130963827
13427543166
13439744461
13444565599
13448935745
13497211090
13472327754
18922895764
13494981507
13425823173
13497131278
13440414587
13481899032
13423602152
15918909809
13442034922
13412832282
13497551431
13432913732
13483849083
13491059909
13475138264
13444975597
13449575884
13434914020
18959475983
13456196667
13415322227
18350451903
13441485013
13490049912
13490499529
13430933897
13483709173
13415392649
13461656569
13410152014
13440684767
13445515355
13492471089
18740256636
13492001264
13431503585
13470937547
13428053344
13448735800
13422763037
13450435751
13448375588
13477868139
13499691717
13432374129
13442904800
13466467525
13437094490
13440114736
13470807658
13467027629
13424693318
13489229614
13422513015
13419782723
13421412820
13429934044
13492471273
13482848656
13459296856
13419402678
13455705903
13459026548
13484468855
13226182943
13429253865
13427923481
13483729528
13483769061
13490589810
13445035038
13499641725
13447105539
13425083635
13444395396
13471278149
13414642356
13429123428
13468094476
13416782151
13481829080
13420812499
13489629877
13462846715
13485919404
13448995415
13456016349
13471607630
13839100038
13491249457
13410922216
13413841972
13441465246
13484628971
13421973196
13456065975
13424263070
13447695134
13473258481
13425982991
13492881392
13499481924
13426793766
13481898806
13430083871
13444625157
13410491719
13410241965
13496541023
13491359625
13473357930
13439044851
13458156723
13419592381
13495541210
13423346084
13486419729
13470367875
13422053243
13450295437
13450715482
13453715802
13449705434
13440454414
13414012420
13445885346
13492651192
13493891127
13496231515
13468227818
13414882079
15815343814
13444315339
13433913835
13438824607
13487309778
13450525656
13434054313
13444005034
13416992234
13431693855
13458376980
13498761905
13488459318
13414291005
13412492154
13498491283
13436424533
13470478115
13421052945
13129208635
13438264707
13455946290
13437284656
13441474931
13472487937
13481238950
13419942745
13468657322
18744312220
13459627027
13459587006
13490209948
13444385359
13464567399
13418322671
13493439947
13477868514
13423023040