/**
  *  任 务 单 号：[258839] sh-20-20150803_13.16.59-18883_1
  *  提 交 时 间：2015-08-03 13:17:08
  *  所 需 状 态：空号,停机,关机,已设置呼入限制,暂时无法接通,来电提醒,正常号码,请勿来电,垃圾号码,其它
  *  原始文件名：ws_18883_132206_recheck.zip_merge.txt
  *  号码总数量：1199
  *  已提交数量：1199
  *  已完成数量：1199
  ** /

 [ 空号 ]  数量：308 (25.69%)
===================================
13411492041
13430083871
13430563752
13432153924
13422162980
13437094490
13444365024
13449575884
13455666540
13430123854
13471258101
13419722563
13423753244
13425110755
13441814942
13445395428
13447695134
13448375588
13473298338
13430023910
13427553270
13417272203
13441474931
13441694907
13443965297
13446675258
13450525656
13462861092
13416262194
13484719095
13470807658
13425982991
13417742797
13440345063
13441485013
13441574735
13443405296
13445275056
13446705551
13463781344
13484479345
13484628971
13489249414
13534215771
13429863626
13447825151
13448975737
13450225655
13457086280
13413922440
13481238950
13489299497
15933310967
13424693318
13428923470
15013932304
13443835262
13444044786
13444315339
13445615223
13446625759
13412391870
13411652044
13468807501
13419402678
13423602152
13426793101
13427985683
13417362317
13417372668
13442904800
13447485613
13455475998
13465297245
13481628770
13472187809
13472327754
13418550404
13419322487
13422053243
13436944177
13437334271
13416782151
13440854911
13446555550
13446965265
13448165518
13449766103
13450666209
13454586275
13456516434
13464367540
13466467525
13414492540
13479868619
13482509066
13489159881
13751033756
13431684164
13470677426
13437124411
13439804715
13440414587
13442114939
13447515490
15193085524
13459436690
13463726741
13411962048
13468657322
13470557676
13438744371
13440514537
13445885346
13449705434
13463587273
13493879893
13430763707
13471258007
13441144705
13444975597
13445515355
13449936107
13450156132
13458376980
13466037703
13489909728
13433255390
13433663695
13471058166
13424323085
13417102079
13449575368
13451505910
13459466850
13412301965
13414012420
13414642356
13489399481
13489779830
13537077818
13410511672
13420812499
13425183161
13441035259
13441894937
13444924847
13446465119
13449165612
13461586906
13463527097
13475288593
13481008508
13481079054
13487109327
13429993482
13467667784
13418352413
15019915837
13132892904
13417252476
13441465246
13442404978
13444005034
13444015355
13444295543
13444625157
13445865552
13448935745
13451675976
13461587318
13480798722
13481079012
13484468855
13487309778
13489629877
13436164716
13421173126
13427923481
13428313422
13440784937
13441375176
13443905200
13444205563
13444555059
13453436466
13474548179
13475138264
13483849083
13436173999
13418972556
13422513015
13428223315
13441394838
13445085390
13449785830
13474618561
13412101993
13412341616
13471607630
13422763037
13443894941
13444274953
13445205310
13447005523
13456016349
13456065975
13415472703
13477868514
13486079264
13420680656
13424683108
13112997452
13417312632
13440454414
13445465464
13447935550
13455705903
13459716370
13460216429
13462407083
13462856915
13415771946
13485989701
13489701084
13497461886
13433967411
13473098142
13419592381
13421412820
13423553452
13439174259
13444245580
13475828496
13430243961
13419953014
13427443877
13441154905
13447985429
13461657214
13435424003
13419782723
13436924440
15089966623
13440684767
13441854812
13444385359
13444395396
13446175518
13447105539
13459026548
13459627027
13460236408
13463357396
13464186849
13466887311
13467297797
13473357930
13413221812
13414652438
13498581877
13470478115
13418022909
13423202924
13423272787
13423346084
15815343814
13416992234
13444785269
13448995415
13452126054
13459166765
13463561000
13478898755
13485919404
13492619647
13495709978
13432644325
13420783051
13425083635
15018369047
13416792008
13442034922
13442405357
13445035659
13446915282
13447765145
13448735800
13410121495
13410922216
13434984575
13472947819
13427033281
13427533700
13441875196
13443205355
13444235325
13444805175
13446605636
13450435751
13454046351
13455946290
13455976697
13456726368
13414192249
13483629175
13488569643
13560494227
