/**
  *  任 务 单 号：[258839] sh-20-20150803_13.16.59-18883_1
  *  提 交 时 间：2015-08-03 13:17:08
  *  所 需 状 态：空号,停机,关机,已设置呼入限制,暂时无法接通,来电提醒,正常号码,请勿来电,垃圾号码,其它
  *  原始文件名：ws_18883_132206_recheck.zip_merge.txt
  *  号码总数量：1199
  *  已提交数量：1199
  *  已完成数量：1199
  ** /

 [号码使用频率] ( 注: 行计数从首个号码算起 ) 
===========================================
10 次以上: 1 - 1 行  数量: 1  (15149954682)
6-10 次  : 2 - 3 行  数量: 2  (15006184618)
1-5  次  : 4 - 46 行  数量: 43  (13085455557)
0    次  : 47 - 728 行  数量: 682  (18007921768)

 [ 正常号码 ]  数量：728 (60.72%)
===========================================
15149954682
15270985606
15006184618
15879589890
13413361865
13413802500
13417502821
13433627568
13463611364
13920332308
13895888527
18934341535
13478868683
13481408662
13112126135
13466811383
13422553006
13495211141
13928853665
13789387666
18734405576
13456202211
13480168538
13487299620
13258625733
13497781444
13463827221
13428675598
13419212620
15720971052
15875295268
13187194537
13453596032
13977432881
13416362397
13222890491
13478838945
13729420282
13928641730
18607323934
13332125407
13621854673
13452325565
15998620397
13426553703
13085455557
13420822520
13424092883
13425403285
13435394584
13435734085
13437984859
13444565599
13453626403
13461346516
13461361080
13467007748
13471687560
13474998152
13478038864
13491481154
13493171326
18759690186
18706777430
13411211611
13415322227
13421842863
13423023040
13424163520
13427073451
13432313975
13433214357
13435224100
13436754283
13452145815
13456116310
13457886376
13459366664
13469817624
13483248889
13488459318
13489339518
13490359616
13490879770
13491249457
13493439947
13493509931
13495131466
13495541210
13495761197
13497131278
13660385885
13859390129
15579006212
18807083136
13416352053
13426813785
13427033085
13428573386
13432493723
13433443909
13438214611
13439005030
13439364988
13450996095
13458696859
13458966745
13460356966
13471477552
13477868139
13489229614
13490499529
13495201385
13497141370
13230955513
13412751919
13413151292
13418322671
13418542801
13419952661
13421863002
13431293697
13433454048
13439064863
13440135124
13452476096
13455436382
13456046355
13464087495
13467661599
13474987965
13479868829
13494981507
13495489957
13496571496
13936519116
15210392693
15757951718
15940398653
18740256636
18922895764
13479398439
13483749374
13488999272
13491139681
13492319844
13493931324
13494511304
13494881001
13496231515
13544179675
13545185120
13419302364
13419323036
13423743321
13428173513
13430153985
13432374129
13432694082
13432863985
13437144615
13438824607
13445035038
13459587085
13460076367
13460351397
13461036580
13468407209
13471317934
13476598668
13410871956
13410971728
13411781550
13417472648
13417602459
13417922131
13421503211
13422912977
13423673243
13424022778
13433483730
13433633824
13433813831
13439634780
13450135350
13463477278
13465157367
13467527252
13471867894
13473247683
13473807896
13481349290
13483459246
13486539323
13491869937
13768428947
15034205354
15348378006
15816495196
18174616680
18250009796
18350451903
13417092470
13421052945
13426363495
13427273275
13431873885
13435954003
13437074612
13438324759
13453045937
13456726263
13457466713
13460017062
13463937503
13464331331
13467027629
13467267748
13468337921
13486809091
13493591110
13493971040
13495201477
13495611328
13499441982
13827493227
13844154249
13860774233
13414282402
13416012195
13048705973
13410651473
13413672493
15870804381
18759183641
15019564573
18301385818
18408497774
13410791621
13412972271
13417462831
13421533172
13431693855
13434213829
13457846512
13459981229
13462767194
13471697812
13473258481
13473497976
13473848540
13473938246
13482898929
13483348794
13487259681
13490199535
13490879459
13492471089
13494101360
13498761905
13874868613
13457796255
13459616713
13460587050
13460886431
13468227818
13469987426
13471988041
13472238023
13486019404
13489079476
13494589879
13494929822
13499481924
15164363285
13414722066
13417532595
13427293552
13432274289
13434914020
13437534599
13437574851
13439824429
13410152014
13419192288
13422283267
13428923699
13429753882
13436584207
13437794321
13450295437
13451835892
13451966261
13452056034
13452946372
13464251078
13467167761
13467567543
13469548065
13475248432
13476477999
13479538430
13491359625
13494181320
13495871087
13596397470
13680739988
13926155725
18649726269
13422043236
13422872780
13424263070
13425613453
13426793766
13412622255
13413621836
13416152520
13416672235
13430074163
13433913835
13437134225
13439644712
13456156667
13457086397
13458346216
13458686773
13459301253
13462976996
13463921248
13467807766
13468457527
13470317599
13471817932
13473158181
13475898304
13480128985
13481518504
13482579253
13483769061
13488129616
13491889750
13493779903
13494251039
13496881152
13497591510
13498181246
13499641725
13544671778
13660444913
13424302962
13425503249
13431673536
13437404579
13438704660
13450286184
13452115584
13453246281
13456956126
13458226730
13459966979
13462427242
13465781809
13466597577
13474077959
13475198525
13481189039
13481899032
13485359375
13486569508
13490669844
13494181104
13495529895
13499201249
15521597657
18944927711
13143677662
13410941832
13466852070
13467182037
13483129033
13486899577
13487319374
13491991087
13492471273
13497551431
13622323615
13824143862
15766225768
13410701700
13411781837
13414291005
13416132351
13424733172
13427053088
13428143382
13428703412
13430933897
13431204247
13432913732
13452175615
13452955977
13456176534
13457556747
13462846715
13530204003
15817417082
18350062127
18959475983
13410841730
13411321602
13413142101
13416992538
13417932721
13418592836
13420492956
13424003086
13425333441
13426363580
13427613898
13428543278
13428713396
13430354067
13432223633
13433194305
13450146125
13451785600
13451845882
13455896654
13462666608
13463347125
13467571760
13470047647
13474857968
13475607933
13478738872
13484778875
13487239572
13489951135
13490209948
13493891127
13494759975
13487469115
13494331129
13494539887
13496771421
13498491283
13512633335
13834072458
13920303206
13991845444
15001622690
15935098847
13418492854
13421473303
13421693005
13424553098
13426133566
13426523753
13426653795
13430063999
13452146066
13452366072
13453715802
13455096658
13457566416
13459766724
13460266672
13463107202
13466837274
13473978507
13479718369
13463087425
13464281816
13465167659
13467037598
13469897684
13474238291
13478368757
13480159157
13481999111
13482168794
13492431095
13450715482
13455336516
13410331598
13415392649
13421603290
13423552897
13425553016
15822898524
13412492140
13412842333
13414882079
13416222001
13416372639
13417192819
13418652776
13422702789
13427473743
13428433747
13430093587
13432593994
13433304035
13435373906
13436243954
13450366088
13451805732
13452885663
13459386669
13468747821
13471168063
13474918082
13482338955
13482468880
13484679215
13485089265
13486489706
13492579769
13492651192
13493281141
13498711394
13499441787
13539153312
13730653809
13935256127
13413412399
13415072471
13417492696
13418692669
13423593015
13424063013
13430793709
13433504290
13437424741
13438534757
13448295512
13450005620
13451045999
13451665989
13456196667
13456546660
13457166872
13458086964
13458666647
13460076549
13461246584
13461977167
13462026637
13465516979
13467457166
13470088020
13472497889
13476237978
13481898806
13482359225
13491059909
13492801175
13492881392
13495731200
13572828423
13799377415
13923540422
13495641096
13496541023
13497211090
13993797425
15111075802
18534487771
18744312220
13410521526
13413162351
13420662788
13421093232
13421943151
13426343267
13427323332
13429934044
13432824425
13437524555
13439714536
13452126130
13458616815
13459511036
13460046856
13461206972
13462776777
13466597449
13467541352
13470057923
13472487937
13472598056
13487059701
13487839674
13488359713
13490709726
13491049721
13492499795
13493679883
13466841929
13470697464
13478248166
13483299123
13484939289
13488479741
13490049912
13490589810
13492001264
13492009778
13537082231
13843116826
13410951876
13411251869
13412492154
13417902266
13426903650
13434624105
13437314374
13450855699
13451105920
13457416571
13461016718
13993143533
13463617279
13466771856
15918909809
18106053528
13482298761
13487719496
13488869428
13492441230
13492579812
13799912509
13413922290
13421142685
13422633236
13425823173
13426313738
13458496848
13458966330
13460256776
13463637059
13466901765
13474888520
13480548488
13479948807
13487099865
13487959350
13493951169
13494481301
13494661008
13499691717
13560405885
13875197593
13992609437
15567578487
13410161620
13410541971
13411652121
13416211994
13420772770
13421032615
13425493094
13428053344
13432084012
13437284414
13440114736
13451096069
13452735991
13458156723
13463886790
13464557297
13468817528
13470058076
13476638453
15841892340
18295803216
13413841972
13419172328
13421223105
13428773560
13429044021
13429133726
13432333628
13435334542
13436534610
13438084180
13438264707
13451905807
13453495940
13455236177
13459716343
13461576852
13461656569
13481829080
13482848656
13488429838
13496901046
13692003186
13412832282
13417532749
13421822777
13421973196
13426833317
13428965228
13429453366
13430073428
13433324259
13435734334
13437874287
13437934322
13452726124
13453575735
13456766567
13461037053
13462901623
13463016830
13464907539
13467717763
13468247977
13473418079
13474218315
13477698481
13478158932
13481258693
13487029764
13495441393
13753538604
18007921768
