13018511504
13048705973
13085455557
13104880401
13112126135
13112997452
13129208635
13130963827
13132892904
13143677662
13187194537
13189269902
13222890491
13226182943
13230955513
13247535153
13249140352
13249531457
13258625733
13268235141
13268282103
13268625602
13270587134
13275650722
13288267652
13332125407
13409289734
13410121495
13410152014
13410161620
13410241965
13410331598
13410401369
13410491719
13410511672
13410521526
13410541971
13410651473
13410701700
13410791621
13410841730
13410871956
13410922216
13410941832
13410951876
13410971728
13411211611
13411251869
13411321602
13411492041
13411512150
13411531940
13411652044
13411652121
13411781550
13411781837
13411802042
13411962048
13412101993
13412301965
13412341616
13412391870
13412492140
13412492154
13412622255
13412751919
13412832282
13412842333
13412972271
13412992436
13413142101
13413151292
13413162351
13413221812
13413361865
13413412399
13413621836
13413672493
13413802500
13413841972
13413922290
13413922440
13414012420
13414192249
13414282402
13414291005
13414461972
13414492540
13414642356
13414652438
13414722066
13414882079
13415072471
13415322227
13415392649
13415472703
13415771946
13416012195
13416132351
13416152520
13416211994
13416222001
13416262194
13416352053
13416362397
13416372639
13416462772
13416672235
13416782151
13416792008
13416992234
13416992538
13417092470
13417102079
13417192819
13417252476
13417272203
13417312632
13417362317
13417372668
13417462831
13417472648
13417492696
13417502821
13417532595
13417532749
13417602459
13417742797
13417902266
13417922131
13417932550
13417932721
13418022909
13418322671
13418352413
13418492854
13418542801
13418550404
13418592836
13418652776
13418662865
13418692669
13418972556
13419172328
13419192288
13419212620
13419302364
13419322487
13419323036
13419402678
13419592381
13419722563
13419782723
13419902356
13419942745
13419952661
13419953014
13420492956
13420662788
13420680656
13420772770
13420783051
13420812499
13420822520
13421032615
13421052945
13421093232
13421142685
13421173126
13421223105
13421412820
13421473303
13421503211
13421533172
13421603290
13421693005
13421822777
13421842863
13421863002
13421943151
13421973196
13422043236
13422053243
13422162980
13422283267
13422513015
13422553006
13422633236
13422702789
13422763037
13422872780
13422912977
13423023040
13423202924
13423272787
13423346084
13423552897
13423553452
13423593015
13423602152
13423673243
13423743321
13423753244
13424003086
13424022778
13424063013
13424092883
13424163520
13424263070
13424302962
13424323085
13424553098
13424683108
13424693318
13424733172
13425046896
13425083635
13425110755
13425183161
13425333441
13425403285
13425493094
13425503249
13425553016
13425613453
13425823173
13425982991
13426133566
13426213732
13426263478
13426313738
13426343267
13426363495
13426363580
13426523753
13426553703
13426643150
13426653795
13426753096
13426793101
13426793766
13426813785
13426833317
13426903650
13427033085
13427033281
13427053088
13427073451
13427273275
13427293552
13427323332
13427443877
13427473743
13427533700
13427543166
13427553270
13427613898
13427653190
13427703241
13427923481
13427985683
13428053344
13428143382
13428173513
13428223315
13428313422
13428433747
13428543278
13428573386
13428675598
13428703412
13428713396
13428773560
13428923470
13428923699
13428965228
13429044021
13429123428
13429133726
13429143965
13429253865
13429413627
13429453366
13429753882
13429863626
13429934044
13429944091
13429964087
13429993482
13430023910
13430063999
13430073428
13430074163
13430083871
13430093587
13430123854
13430153985
13430243961
13430354067
13430563752
13430763707
13430793709
13430793749
13430923948
13430933897
13431204247
13431293697
13431503585
13431673536
13431684164
13431693855
13431873885
13431947533
13432084012
13432153924
13432223633
13432274289
13432313975
13432333628
13432374129
13432493723
13432593994
13432644325
13432694082
13432824425
13432863985
13432913732
13433194305
13433214357
13433255390
13433304035
13433324259
13433443909
13433454048
13433483730
13433504290
13433627568
13433633824
13433643603
13433663695
13433813831
13433913835
13433967411
13434044462
13434054313
13434213829
13434323866
13434624105
13434914020
13434984575
13435224100
13435334542
13435373906
13435394584
13435424003
13435734085
13435734334
13435954003
13436164716
13436173999
13436243954
13436424533
13436434593
13436514350
13436524178
13436534610
13436584207
13436654635
13436754283
13436754684
13436764777
13436864516
13436924440
13436944177
13437074612
13437094490
13437124411
13437134225
13437144615
13437284414
13437284656
13437314374
13437334271
13437404579
13437424741
13437524555
13437534599
13437574851
13437794321
13437874287
13437934322
13437984859
13438084180
13438214611
13438264707
13438324517
13438324759
13438534757
13438654394
13438704660
13438744371
13438824607
13439005030
13439044851
13439064863
13439064915
13439124941
13439174259
13439364988
13439634780
13439644712
13439675002
13439714536
13439744461
13439785040
13439804715
13439824429
13440004454
13440114736
13440135124
13440345063
13440414587
13440454414
13440514537
13440684767
13440784937
13440854911
13441035259
13441144705
13441154905
13441375176
13441394838
13441465246
13441474931
13441485013
13441574735
13441694907
13441814942
13441854812
13441875196
13441894937
13442034922
13442114939
13442404978
13442405357
13442904800
13443205355
13443405296
13443835262
13443894941
13443905200
13443965297
13444005034
13444015355
13444044786
13444205563
13444235325
13444245580
13444274953
13444295543
13444315339
13444365024
13444385359
13444395396
13444555059
13444565599
13444625157
13444785269
13444805175
13444924847
13444975597
13445035038
13445035659
13445085390
13445205310
13445275056
13445395428
13445465464
13445515355
13445615223
13445865552
13445885346
13446175518
13446465119
13446555550
13446605636
13446625759
13446675258
13446705551
13446915282
13446965265
13447005523
13447105539
13447485613
13447515490
13447695134
13447765145
13447825151
13447935550
13447985429
13448165518
13448295512
13448375588
13448735800
13448935745
13448975737
13448995415
13449165612
13449575368
13449575884
13449705434
13449766103
13449785830
13449936107
13450005620
13450095711
13450135350
13450146125
13450156132
13450225655
13450286184
13450295437
13450366088
13450435751
13450525656
13450666209
13450715482
13450855699
13450996095
13451045999
13451096069
13451105920
13451505910
13451515820
13451665989
13451675976
13451705542
13451785600
13451805732
13451835892
13451845882
13451905807
13451925861
13451945684
13451966261
13452036287
13452056034
13452115584
13452126054
13452126130
13452145815
13452146066
13452175615
13452325565
13452366072
13452476096
13452726124
13452735991
13452885663
13452946372
13452955977
13453045937
13453246281
13453426443
13453436466
13453495940
13453575735
13453596032
13453626403
13453715802
13454046351
13454346547
13454586275
13454946347
13455096658
13455236177
13455336516
13455436382
13455475998
13455666540
13455705903
13455896654
13455946290
13455976697
13456016349
13456046355
13456065975
13456116310
13456156667
13456176534
13456196667
13456202211
13456516434
13456546660
13456726263
13456726368
13456766567
13456866013
13456886374
13456916746
13456956126
13457086280
13457086397
13457166872
13457416571
13457466713
13457556747
13457566416
13457796255
13457846512
13457886376
13457936766
13458086964
13458156723
13458226730
13458346216
13458376980
13458406947
13458496848
13458616815
13458666512
13458666647
13458686773
13458696859
13458711217
13458966330
13458966745
13459026548
13459166765
13459296856
13459301253
13459366664
13459386669
13459436690
13459466850
13459511036
13459587006
13459587085
13459616713
13459627027
13459716343
13459716370
13459766724
13459966979
13459981229
13460017062
13460046856
13460076367
13460076549
13460216429
13460236408
13460256776
13460266672
13460286564
13460351397
13460356966
13460587050
13460886431
13461016718
13461036580
13461037053
13461206972
13461246584
13461346516
13461361080
13461576852
13461586906
13461587318
13461656569
13461657214
13461797335
13461977167
13462026637
13462407083
13462427242
13462637325
13462666608
13462767194
13462776777
13462846715
13462856915
13462861092
13462901623
13462976996
13463016830
13463087425
13463107202
13463347125
13463357396
13463477278
13463527097
13463561000
13463587273
13463611364
13463617279
13463627515
13463637059
13463726741
13463781344
13463827221
13463886790
13463921248
13463937503
13464087495
13464186849
13464226791
13464251078
13464281816
13464331331
13464356906
13464367540
13464557297
13464567399
13464697102
13464907539
13465157367
13465167659
13465297245
13465516979
13465781809
13465847437
13466037703
13466347199
13466447117
13466451958
13466467525
13466567231
13466597449
13466597577
13466677519
13466771856
13466811383
13466837274
13466841929
13466852070
13466887311
13466901765
13467007748
13467027629
13467037598
13467057456
13467167761
13467182037
13467267748
13467297797
13467457166
13467527252
13467541352
13467557372
13467567543
13467571760
13467661599
13467667784
13467717763
13467777408
13467797246
13467807766
13468094476
13468227818
13468247977
13468337921
13468407209
13468457256
13468457527
13468657322
13468747821
13468807501
13468817528
13468847818
13469067827
13469317509
13469548065
13469817624
13469897684
13469987426
13470047647
13470057923
13470058076
13470088020
13470317599
13470367875
13470437843
13470478115
13470557676
13470677426
13470688067
13470697464
13470807658
13470937547
13471058166
13471168063
13471258007
13471258101
13471278149
13471317934
13471477552
13471607630
13471687560
13471697812
13471817932
13471867894
13471988041
13472187809
13472238023
13472327754
13472487937
13472497889
13472598056
13472807704
13472857863
13472947819
13473098142
13473158181
13473247683
13473258481
13473298338
13473357930
13473418079
13473497976
13473807896
13473848540
13473938246
13473968526
13473978507
13474077959
13474218315
13474238291
13474238429
13474548179
13474618561
13474857968
13474888520
13474918082
13474987965
13474998152
13475138264
13475198525
13475228463
13475248432
13475288593
13475438392
13475607933
13475828496
13475898304
13475978335
13476108727
13476237978
13476477999
13476598668
13476638453
13476798201
13476978827
13477698481
13477848453
13477868139
13477868514
13478038864
13478158932
13478248166
13478368757
13478388237
13478738872
13478838945
13478868683
13478898755
13479178563
13479398439
13479538430
13479628540
13479718369
13479868619
13479868829
13479948807
13480128985
13480159157
13480168538
13480548488
13480798722
13481008508
13481079012
13481079054
13481189039
13481238950
13481258693
13481349091
13481349290
13481408662
13481518504
13481628770
13481829080
13481898806
13481899032
13481999111
13482168794
13482238971
13482298761
13482338955
13482359225
13482468880
13482509066
13482579253
13482848656
13482898929
13483129033
13483248889
13483299123
13483348794
13483459246
13483629175
13483709173
13483729528
13483749374
13483759397
13483769061
13483849083
13484468855
13484479345
13484628971
13484679215
13484719095
13484778875
13484939289
13485089265
13485359375
13485869102
13485919404
13485989701
13486009527
13486019404
13486079264
13486419729
13486489706
13486539323
13486569508
13486809091
13486819671
13486899577
13487029764
13487059701
13487079351
13487099865
13487109327
13487209144
13487239572
13487259681
13487299620
13487309778
13487319374
13487469115
13487719496
13487729784
13487839674
13487889624
13487959350
13487979744
13488129616
13488199975
13488359713
13488429838
13488459318
13488479741
13488569643
13488619344
13488819985
13488869428
13488999272
13489079476
13489159881
13489189861
13489229614
13489249414
13489299497
13489339518
13489399481
13489629877
13489639682
13489701084
13489779830
13489909728
13489951135
13490049912
13490199535
13490209948
13490359616
13490499529
13490589810
13490669844
13490709726
13490879459
13490879770
13491049721
13491059909
13491139681
13491249457
13491359625
13491481154
13491869937
13491889750
13491991087
13492001264
13492009778
13492319844
13492431095
13492441230
13492471089
13492471273
13492499795
13492579769
13492579812
13492619647
13492651192
13492801175
13492881392
13493171326
13493281141
13493439947
13493509931
13493591110
13493679883
13493779903
13493879893
13493891127
13493931324
13493951169
13493971040
13494101360
13494181104
13494181320
13494251039
13494331129
13494481301
13494511304
13494539887
13494589879
13494661008
13494701276
13494759975
13494881001
13494929822
13494981507
13495131466
13495201385
13495201477
13495211141
13495441393
13495489957
13495529895
13495541210
13495611328
13495641096
13495709978
13495731200
13495761197
13495871087
13496231515
13496541023
13496571496
13496771421
13496881152
13496901046
13497131278
13497141370
13497211090
13497461886
13497551431
13497591510
13497781444
13498181246
13498491283
13498581877
13498711394
13498761905
13499201249
13499441787
13499441982
13499481924
13499641725
13499691717
13512633335
13528361533
13530204003
13534215771
13537077818
13537082231
13539153312
13544179675
13544671778
13545185120
13560405885
13560494227
13572828423
13596049203
13596397470
13621854673
13622323615
13660385885
13660444913
13680739988
13682753346
13684891240
13692003186
13729420282
13730653809
13751033756
13753538604
13768428947
13786611838
13789387666
13799377415
13799912509
13824143862
13827493227
13834072458
13839100038
13843116826
13844154249
13859390129
13860774233
13874868613
13875197593
13892828860
13895888527
13920303206
13920332308
13923540422
13926155725
13928641730
13928853665
13935256127
13936519116
13956941715
13977432881
13991845444
13992609437
13993143533
13993797425
15001622690
15006184618
15013932304
15018369047
15019564573
15019915837
15034205354
15089966623
15111075802
15149954682
15164363285
15193085524
15210392693
15232235072
15270985606
15348378006
15502091559
15521597657
15567578487
15579006212
15657354575
15662118970
15720971052
15757951718
15766225768
15815343814
15816495196
15817417082
15820273847
15822898524
15841892340
15870804381
15875295268
15879589890
15918909809
15933310967
15935098847
15940398653
15998620397
18007921768
18106053528
18174616680
18212104491
18250009796
18295803216
18301385818
18350062127
18350451903
18408497774
18534487771
18607323934
18649726269
18706777430
18734405576
18740256636
18744312220
18759183641
18759690186
18807083136
18922895764
18934341535
18944927711
18959475983
18973889750